channels review

Subject 1  - rm_080030

calc1
2412
1732
0123
1723
1722
very bizzare behavior for channels around second 660

calc2
2522
2412
1933
1723
1722
2143
1732

calc3
2412
2542
1933
1732
0123
1723
1722

calc4
2412
2542
1933
0123
1732
1723
1722

calc5
2412
2542
1831
1733
1723
1732

calc6
2542
2412
1732
1723
1722

calc7
2542
0722
0723
2412
1732
1722
1723
0123

calc8
2542
2412
1733
1722
1723

calc9
2412
2542
1722
1723
1733
0123

calc10
2412
2542
1722
1723
1733
0123

vsa1
2412
1933
2142
0123

vsa2

vsa3

vsa4


